manipulator_jacobian =

         0         0    0.0045   -0.4877   -0.0942   -0.4995   -0.4305
         0         0   -0.0448   -0.2123    0.1977   -0.6498    0.4524
         0         0         0    0.1465    0.0203    0.2139    0.1209
         0   -0.0998    0.1977   -0.3836    0.5334   -0.6981    0.7100
         0    0.9950    0.0198    0.9216    0.1692    0.6414    0.5622
    1.0000         0    0.9801    0.0587    0.8288    0.3183    0.4242


delta_theta =

   -7.6040  -13.4819   12.2446   40.4735    8.3570  -27.3546  -15.7753
